42061452
41107570
40899071
41129286
40425371
40551721
41902452
40933610
41669125
41873068
42264694
40443670
40842771
41026426
41036041
41895050
41444737
41015671
41746320
41057648
40820386
41359183
41817970
41114512
41624745
40792484
41069967
40924177
40744165
40277774
40820069
40594499
41133469
40609653
41056726
41826648
40932664
41270547
40736515
40607945
41341910
41214447
41693325
41583301
42486775
41258500
41046587
41240456
41958842
41954888
41469114
40896917
41276323
41545168
41256338
41609830
41117641
40967448
40932357
41643308
41479712
41257733
41966787
40405802
40695480
41485613
40860169
41214323
41726626
40974794
41613581
40932360
40593355
41173881
40956698
41274114
41069189
41301130
40681553
40275387
41120988
41245940
40749041
40818851
42257493
40683258
41756105
42005745
41752838
41290337
41400607
40574198
41706675
40646535
42485706
41315500
40335089
40995394
40913891
40817218
41485671
40806545
40711005
41418917
41087232
41570570
40819034
41223967
41515252
41097046
41802159
40408222
41410061
40900245
40819558
41652874
41622564
41663516
40762790
41551585
41484173
40816098
41442600
39546794
41235973
41562824
40055664
42348606
41709047
41724492
41880075
41138088
40741182
41502639
41428601
42697290
41520282
41202005
41032492
41430629
41014544
41439653
41316950
40406670
41488578
41606342
40581290
40561044
40748229
41714875
41375521
40841832
40864786
41881157
41834931
41353131
41842088
40909914
41612137
41142564
42368617
40456557
41411823
41525542
41581090
41118475
40813635
40835536
41634665
41745655
42058978
41469793
40929402
41331728
42217689
40906642
40595618
41320702
40377121
41062249
41873476
40364096
40824947
41015712
41037424
40156979
41091276
41330137
41474971
41113378
41233354
41251233
40849294
40169976
41128801
41210306
40893751
41089162
40538674
40733085
41747039
40949766
41306698
41467768
40712457
41309104
41676186
41319958
40728688
40247664
40978104
41082329
40740430
41206382
41147393
41413944
41284978
40877134
41545118
41019050
41335834
41762959
41043940
41927774
41571236
42080760
41117481
40714043
41852726
40959453
41289957
41664955
40757255
41638468
40572109
41973859
40805112
40550595
40917484
41242859
40718002
40500338
41387718
40531225
41435599
41686403
40011562
40904181
40986326
41307694
41170564
40509599
41741710
41202805
40687647
40543352
41301382
42223005
40767869
41316677
41164776
40329985
41438625
42124660
41803408
42178320
41499002
41379467
40842991
41120595
41255454
41059872
40949270
40780992
41076158
40521719
40565726
40868813
40772660
40712932
40656865
41432437
41834555
41836936
41113518
41248356
41135537
41755315
40154027
41840862
41404792
41889869
39533508
41301620
40062443
41211834
42169712
40833148
41009540
40155588
42264752
41439564
41113318
41542852
40577164
41283438
40542536
40598720
40959612
41398015
41386686
41659600
40849570
41553351
40855756
41644043
40865278
40694300
41718842
41904700
41523898
41884263
40973104
41989398
41242648
40563921
40823817
40373930
41594275
40287847
40630363
41910442
41626823
40736016
41008664
40956491
41388730
40743180
41178304
41058823
41620655
40774413
41195914
41918838
41295093
40682520
40646140
42028169
40812007
42000659
40944899
40983159
42506240
41286007
40777003
41342228
41193950
41595609
41842450
41544736
40366844
41588070
41627413
42008589
41377043
40915715
41553730
41742974
41204361
42808898
41712770
41372257
40699413
41273066
42244547
42134168
40322596
41073518
41131639
40981582
41008604
41352292
41118009
41102776
41427798
40941990
41365137
41611317
41165646
41734986
40671367
41852027
40866511
40772471
41427517
41228661
40885779
41546815
41311832
40940323
41049688
41413717
40214842
41726661
41978591
40840763
41903904
40400483
41910720
42364311
41930286
41944882
40373211
41573050
42023219
41451711
41335980
42196629
41003336
41865199
41340444
40552623
41016201
40353133
41133644
41604361
41555700
42314824
40920628
41839523
41366282
41285768
41395400
40928725
41466406
41483651
42004856
41498281
41387915
41582477
41218137
41619615
41045272
41184389
40609036
41655808
39969000
41591243
41068595
41567435
41847011
40851184
40799785
41619042
40706758
41260194
40314947
41445658
41212996
41575367
41794879
41197516
42039363
41566602
40080719
41124717
41949931
41301301
40659755
41197116
40929824
40483215
41110674
42543877
40822268
40504262
41241613
41511605
40251916
40990608
41041795
41690915
41511575
41702411
41848600
40462194
41790861
41330193
42029111
41219133
40406953
41155076
41789680
41269373
40764577
40580785
41144643
40943887
41115913
40209930
41382192
41180334
41641077
41428072
40029330
40733056
40774489
40540089
40096125
40720295
41019843
40684154
40668145
41241302
40950030
41172325
41400785
40692967
40362023
40943990
41533386
41579529
40705011
41459624
41652589
41712215
40576059
41842575
41630132
41002270
40610842
41333998
40715452
40834626
41981175
40541328
41653395
41003346
40267724
41650904
40548400
40819547
40513369
41162657
41556360
41264963
41919681
41028458
40981132
41149295
41611326
41497766
41953456
41067441
40642480
41229875
40555928
41533089
41033409
41954183
40572006
41665283
40713327
40659413
41814445
40942925
40927316
40996656
41439056
40669203
42246101
40701056
41415626
41987729
41987408
41242438
41148993
40917046
41060053
41329770
41102414
41398487
41525361
41328100
41230762
41733493
41626258
41019489
40921070
41508886
41673917
41225348
41288760
41226268
40939731
41342510
41808630
41079090
41511291
40332954
41049677
41028447
41824593
41501568
41423528
41810632
41649585
41971301
41233501
39870473
40870063
40742449
41152293
41233957
40721510
40491360
41132747
41536304
40924406
41621290
41147547
42189590
40600947
41697719
40654247
40889400
39928692
41288990
40829122
40949772
41561970
40630232
40271594
41247763
40931762
41014562
41679152
40284641
41409753
41097137
41883870
41768150
41842281
41507007
42014913
41001726
41336482
41414973
41150682
40947415
41400044
41146373
40528163
41885427
41153795
41493896
40926478
39730523
41634552
41386127
41235958
42093236
41795837
41315279
41548254
41340227
41141928
41612787
40631414
41464194
41690820
41752354
41353289
40847503
41245773
41137830
41299866
41697764
40626029
40987765
40995861
41071440
42345795
41424359
40957643
41108762
42369103
40938260
41291589
41187832
40845196
41669756
41420868
41784484
41449191
40596239
40733298
40870862
41081984
41609508
41817180
40726816
41385698
41910059
41208340
41177491
40489691
41275614
40750229
41308805
41797131
40768306
40296308
40674485
40827347
40179079
41745827
40546183
40736397
41358969
40462414
41098810
41836414
41002996
41543947
41187601
41283146
41249744
41275768
41087761
42369640
40296649
41440056
41543068
41657807
41004888
41332808
41712965
41801544
39746472
40555623
40900673
41140430
40839792
42692862
41905600
41068669
41499544
41229788
40820724
41660066
40480881
40515978
41187283
41478563
42043845
41571249
41292895
40245965
41663409
41158555
42153867
41169206
40451510
40627562
40526829
40805698
40374678
39924791
40440811
42291849
41911690
40561770
41669196
41056412
40022714
41668009
41219007
41159895
40226281
40481013
40945047
40584831
41687385
41558626
41293475
41443417
40052174
41033046
40991435
41590544
42111645
40679312
40605251
41184889
40903533
41269880
40803310
39450989
41319209
41690180
41170855
41353364
40866558
41626263
41504555
40652025
41315730
41175478
39725004
40768499
41441136
40606462
41165674
41972331
41099847
41388439
41598084
41578530
41710506
41051965
41728153
40644644
40889869
41917712
41035556
41144381
41530451
41539048
40213076
41667004
40469271
41416577
42173415
41156336
41996744
41134969
42775340
42484232
40942266
41181236
41713186
41744903
40727357
40017534
41622574
39694845
41625048
42211177
41356107
41187781
40599391
41737420
41701150
41928706
40717515
41581271
41898812
41731588
40708523
41417333
41546954
41107075
41174758
41095012
41462733
40951246
41126751
41247759
40510862
40869646
41168632
40588794
41302028
41682228
41277904
42685748
41950888
41568049
40806512
41084710
40814717
41369409
41116942
41076402
40884995
40976167
42146645
41330160
40699177
41524649
41676378
40124267
41540225
41371283
41896135
41765853
41250135
41075519
41298547
41459832
40327238
40373215
41538164
42175838
42593140
40538136
41878057
40818448
41072531
40872577
41511890
40843747
40311045
41315077
40901119
39887550
40780127
40829082
42346033
41970079
40297492
40826484
41965333
40168510
40550653
40302379
41621485
40172615
40838524
41401142
41354063
41577726
41500406
40654142
41082878
41371736
40814887
41018235
41130705
41416161
41112207
41682179
41164320
41675393
41581017
42154021
40842881
41248937
40747262
41798949
42129138
41725858
41141102
41077262
40894371
41001320
41430498
41414239
41139274
41442685
40855000
41491214
40744028
41981466
41296464
41059607
42495416
41744200
40793461
41040217
40807529
40671889
40712356
41795854
41584677
40774204
41929399
40759275
41151383
40938362
41194653
40581234
42194826
40817260
40115245
41943882
41004983
40791706
40918625
41443891
41079715
41776277
40548113
42096548
41822559
41678510
41524762
41223078
40880170
42065279
42155906
42182378
40650660
40796522
41125724
41357799
41354279
40679740
41348906
41574088
40759947
39962607
40475478
40945610
41370041
41080977
42134433
40398148
40917177
40726510
41446639
40595187
41467188
41637619
41732885
40652689
40682278
41013491
40935578
40430115
41154058
41640819
40759084
41473956
41403969
41501540
41163503
41064846
41262128
40448244
40721063
40337090
40014358
40867697
40939675
40642957
40963491
40321056
41393237
41202132
41172633
41346919
41024844
41169560
40904411
41176088
41174661
41477095
40994994
41476484
42040682
40314250
40460837
41325399
40996534
42031060
40418452
41277366
41550331
40896650
41645098
40749407
41816751
41004121
41663960
40647971
40969848
40764904
41116040
41337319
40170515
41204038
41214283
40841357
40964684
41701524
40634945
41346513
41369191
40668847
39924687
41070510
41307975
41709763
41066048
40730571
41013519
41485111
40461073
40491101
42037162
41268817
40629725
41477962
39906344
42409066
41845270
41065455
41042040
40948897
41492495
41743256
40709155
41477524
41141916
41009696
40969005
41557960
40697166
41910258
41331976
40702097
41541321
41031827
41097440
40752577
41605484
41351471
40826147
40829225
41164256
40963268
41021384
41003639
40766813
41316448
41947644
40632604
40793997
42116773
41437184
41900745
41167653
41724192
41637191
41918995
41233859
41005950
41148677
41574144
41256008
40621702
41854247
40932220
42384059
40918213
41362533
41352600
42011223
40713499
40751443
40978487
41698810
41805717
40666217
41041487
40948831
41813428
39853142
40899562
40897336
41328052
40761369
39880249
41925325
41617749
41780591
41947760
41643395
40485051
40789468
40536865
40984365
41691746
41523892
40245295
41708371
42072733
40670705
40850745
41031001
41124089
41039692
41652033
40641663
41049614
40203581
41931748
40454573
41019361
41767826
41024293
41065342
41015050
40285918
41188140
40864910
42344750
41129685
41048235
41539638
41588306
41136302
41237304
41814220
41109917
40791715
41051977
41525164
40864571
41397754
41634874
40733413
40546047
40026656
41252699
41284002
41160298
40576890
40823874
41502113
41647605
40853495
41527994
41106384
42201721
40987854
41117089
40626484
41563392
41968941
40636980
41293510
41271642
40974618
41538761
41322700
41445089
41014104
40364388
40978989
41375199
41849130
40303424
41853209
40834350
40888813
41134476
41363709
40930655
41085451
41259038
40410073
41728944
40986940
40808424
42419585
41623040
40777245
41832965
42041367
41024269
41781026
41615592
41276344
40908138
40699081
41851728
41168053
41323453
41189427
41014424
41756055
40539640
41286185
41427625
41093568
41039337
41544130
40959909
42008097
40560724
41409060
41391597
42353750
41854982
40321584
39384307
41139444
41545681
41387597
40371391
41604059
41547511
41369143
41619494
41994612
39870096
41500426
42029505
41013956
40523273
41593399
40981136
40860262
41452597
41978663
40780068
41006430
40653182
41506466
40957815
41961698
41869066
40934718
42180621
41944991
40445164
41670497
40947577
40820420
40383070
40681622
40718514
41056688
41135262
41627358
41083648
41912510
40981967
41754155
41296470
40360504
41381526
41847960
42166329
40994031
40919014
40853481
40770025
40623218
41155807
41835462
40834091
41475667
40437669
41572038
41161973
41327706
41831154
41257218
42223606
40613901
41630391
42019968
42335922
42164801
41340707
41429273
40641192
41138281
41669333
41399481
40970965
40990834
40917543
41393585
40964731
40784801
41251057
40063097
41398952
41506906
41427972
41840833
40326587
41556685
42686878
41165408
40897787
41929825
41400857
40814828
41612690
41541658
41474152
40533365
41731270
40991259
42174470
39989079
40196893
40741078
41514465
41563462
40629112
41671240
41828668
40740632
41432064
41099067
40522807
41556615
40927320
40250798
41544930
40905630
41740560
41128060
40439154
41000890
40433692
40802304
40582366
41009028
42000141
40977078
41157395
40776762
41495759
40653523
40286772
41103948
41885081
42255108
40383900
40884255
40584508
40697848
41760306
41458843
40785898
39865085
41647616
41769294
41126506
40688459
41413514
40976870
40493355
41111465
40936838
40525693
41368826
41606267
41838137
40859558
40914102
41587400
41177632
41451447
41330444
41909396
41877558
41303591
40664172
40570593
40738050
41208134
41566102
41946207
41168024
41879903
41274579
40512342
41726075
40703047
40790355
41460945
41223992
39747446
41926666
40980950
40951861
41446800
41090386
40623221
40785291
41057397
40957501
41098464
41070553
41015044
41072543
41379560
41478469
41532588
41571604
40785471