33274847
32895720
33648885
33480504
32779209
32808859
33649057
33360687
33651227
34067006
34015050
31734745
33212301
32859297
33446270
33918419
33491442
33260134
33421521
33080740
33716288
33718219
33777272
34321033
33394157
33890245
33783441
33205814
32509951
32089561
33282349
32927063
33398257
33643349
33170955
34169334
33970655
33719371
33366783
32858856
33886624
33407492
33846826
34568946
34212275
33184306
33844491
33129491
33367441
34553300
33581092
33162738
33540528
34040024
33458267
33499799
33298052
33257601
34624770
34046850
34707595
33750788
34822119
33051146
33835954
33563448
33612139
33140966
34431138
33145187
32805704
33198572
32991912
33130518
33235420
33413978
33320280
34631994
33266517
32904976
33531800
32724919
33903594
32802530
34285141
34115669
33772816
34156301
34114977
33040060
33924707
32842621
33637684
33512820
34622780
33295107
33523798
32418089
33682581
33432857
33778165
33786752
33969343
32708784
33919354
33948222
33384105
34078082
33871453
32963078
33777233
33356073
33070228
33829308
33676206
32877255
33761285
33284550
33471334
34082210
34447338
32339809
33371794
31889724
32968935
33342768
33789877
33912980
34395565
33488790
33305379
33434310
33760045
33567877
33543469
34597775
34379760
33824630
33527383
33011527
33088078
32635727
33737707
32915163
33733975
33536250
33871704
33580364
33625343
33811114
33556632
33255536
32898436
33757662
33411627
32683825
33731177
33295207
33976263
33560858
34317200
33038234
33118428
34470463
33482999
32737995
32814695
33199284
33564703
34537292
33955798
33375619
33419405
33551498
34259991
32378189
32644555
33795063
33581151
33582026
34391600
33241735
33466925
33193230
33143572
33200470
33513342
33899947
34445929
33678008
34234085
34235476
34174094
34181358
33783429
34226170
33371106
33694400
33254133
33102238
34826035
34498308
33649816
34385132
34291869
34397559
33778969
33082523
32718247
32695772
33245706
33679744
32947136
33274436
33094188
33889845
34131892
33541520
33360147
34440591
33143219
33859910
33543769
33179422
33347531
32599028
33385127
32664381
33978659
33193770
33289611
34612428
33710207
33762998
33090997
33483262
33704860
33477552
33630530
34243221
33147175
33175623
33174046
33957033
33018212
34015373
32980860
33605634
33437501
33803667
33582544
33483514
33415860
32612741
32483467
33501336
33189627
34094026
33210421
33733997
33575323
33238812
35089649
34907016
33925673
33249126
33766486
32911095
33574851
33320552
33496076
33336805
33773696
33923296
32720199
33390157
32522989
33475673
33481769
33380120
33672677
33429291
33444812
34667118
32765888
33907990
33151265
33228665
34191505
34175233
33883092
33967720
31811522
32849250
32930649
34383210
33483411
33829601
32661424
33585190
34778539
34105028
33747654
34060463
32265498
33763039
33096928
33116387
33746158
33022300
33379450
34597913
32897999
33168514
32433909
34217868
33714608
33066734
32820352
33393411
33771379
33824826
32966549
33932632
33151660
33566704
32734760
32746718
34137892
33019603
32991481
33963741
33706165
33492631
33581210
33958772
33243750
33422182
33628388
33311683
33713556
32913067
32744042
33689460
33735690
33105184
32790901
33258294
33501227
33436822
33340923
33311271
34956272
33312094
32954606
32981902
33665112
33441669
33786551
32981820
32983776
34454339
33679982
33572494
33592001
32654906
33977660
34017878
33605684
34137232
33768800
33869242
33093411
32496012
34070329
34069704
33281636
33216720
33779754
33279418
33825332
33295595
33688114
33897983
33092131
33859704
34278086
33728513
33827628
34070907
32907708
33381237
33557193
33047338
33622916
32609086
32997479
33719214
33955514
33694800
33486033
33554856
33448568
33302407
34048325
33321029
33749509
33383711
33352353
34125333
33804191
34684882
33581787
33174512
32878623
33716362
33585003
33887350
34058971
33742055
33354449
32230776
33251983
33915052
33223998
33893296
33748945
34325613
33904457
34114236
33091586
32678214
33353741
33907224
33849637
33452201
34234537
33200379
33395643
33131952
34171318
33887289
33787938
33974893
32634189
33507770
32572194
34575431
33546397
34302664
34213239
33140194
33587182
34039766
33226614
33521243
34130992
33197376
33763440
33242155
33321797
33301004
34114369
33663312
33876762
34341403
34022065
33964987
33133649
33612977
33039418
32593423
32706096
33743672
32620104
33580793
33529336
33454686
33144764
33567524
32619786
33258751
33291270
34477642
34167585
32728680
33214229
33183094
33236319
33393697
33498614
34271928
33530847
33093246
33757958
33013946
33225150
33889338
33842428
32803147
34155021
34255657
33374433
33905625
32870520
33596770
33976155
33332717
32684294
33124533
33742693
33765469
33307653
32969637
32705417
33321622
34373085
33119066
33772477
32623996
33571352
34451126
32878978
33871920
33360791
32788629
33118851
33695786
32805796
33266430
33803016
33593003
33113118
33547674
34643201
33042985
34003323
33649992
33611228
33894287
34326168
33477356
33297606
32854151
33440889
34252726
33985360
32656328
33548774
33678024
33291251
33656323
33785319
33421615
32826614
33116599
32775553
33874639
34209916
33659011
32969083
33361856
33575012
33189440
34030725
34633324
33671365
33306275
33418978
33908993
35238369
33846076
33527066
34647511
34069496
33939844
33720627
33591828
34084701
33648357
33272558
34366249
34141898
33160061
32852064
33743010
33877720
33821344
33168915
33962445
33783390
33080152
33521845
33550010
33177535
33566780
33923831
33796898
33176921
32986299
33244216
33370036
34249159
34079717
34128269
34528650
33231795
33970646
33697082
32919852
32928425
33269618
34128700
33295718
33745127
32750605
33242348
33097558
33696436
33805896
33020539
34251520
32444592
33320500
32848593
34056035
33259859
33882535
33145915
33092715
34126840
33026630
33211148
33219618
32897681
34506020
33829749
33007530
33377569
33889857
33934961
33023126
34322133
33962417
33894127
33781111
32854688
33398314
33003351
33366390
33849453
33642892
33124651
34963447
33940772
33547285
33845127
32887850
34013712
33119855
33350271
34877775
33290026
33346738
34053336
33773906
33804002
33430772
32966365
34357794
34860967
33784708
33371385
32963812
33286509
32340559
34438483
33968017
33004633
32715394
34329517
34172480
33370903
33489408
33482044
34574525
33669981
34243964
33582160
33792038
33129175
33731419
33413456
34969351
33189821
33761822
33767203
33380631
33922277
32882178
33203254
33317631
33272367
34065101
33755339
33443431
33176693
34045798
32665917
33334591
33887634
33255248
33271103
32942940
33403128
32595066
34158741
33429100
33035659
33848813
32846942
34323577
33840314
33587696
33093200
33276041
33666216
33912124
32568524
34256374
34668644
32444263
34227857
33887719
33682957
33683353
33270580
33090094
33953717
32179597
32546160
33806100
33035875
33372790
33650565
33674381
33019003
33882167
33722424
33284741
34345146
34163320
33455265
34414888
33759747
34310414
33725049
33757158
31953191
33381989
33376073
33373429
34720331
32580417
32736837
33267704
33183079
32885915
31902266
33373561
33948035
33705208
32600132
34441615
34206777
33270731
34086642
33101731
33107771
33237927
32829502
33503470
33980871
33886163
34435589
33521569
33005518
33035782
33895594
32680133
32948045
34107854
32644746
33263754
34203190
33081708
33447921
33977260
32776789
33490506
33102424
33470080
34607052
32893661
33713994
33705899
32938163
34214176
32525295
32886738
33466843
34208103
32557138
33239487
33161612
33706901
33605214
34272987
33374034
33905352
33408342
34051012
33563361
33904653
34406937
33477693
34367872
34080935
34191756
32839326
32801430
33760758
33646281
33924079
33567590
33646061
33048401
34197922
35061111
33188856
33938763
33586179
33724299
33773752
33046171
33344182
33088780
34072649
33764759
33134698
33477870
32897405
33776107
34120245
34502868
32821348
33540482
33935213
34099143
32541855
34047964
34044510
34054996
33757729
34203613
34744416
34465303
32921125
33499387
32844852
34138043
33876961
34276136
33741646
33514120
34132765
34563267
34306887
33113391
33722186
33821543
33343626
32762390
33860476
34504444
33572749
33531630
33914722
33500490
34071366
34231103
33604347
32512359
34588876
34247079
33463382
33885417
33854779
33377963
33268125
33259711
32930960
33441980
34073507
33553208
34145587
32708693
33289827
33387731
33119413
32514200
33585709
32777670
32903936
33480885
33507182
32803955
33249207
33610426
33306617
34474254
32450121
33692466
33925294
32894112
33146439
33714199
33866077
32436515
33696461
33861475
33712444
32680313
34657359
32533764
33615199
34356711
33330935
33717398
34191408
33372701
34135844
33371626
33287076
33521663
34337162
35498175
33101783
34111993
33756037
33294096
34135291
32940940
32625665
34391492
34309588
33436895
33799886
33751868
34108557
33582532
33298153
33694692
33575634
34101153
33947533
33396912
35370490
33054887
33284333
33313888
33810899
32433700
32663705
34323480
33939923
32329712
33706392
33408000
33511992
33494093
33790082
33647235
33625955
33439954
32565240
34344771
32919984
33959362
33622822
32899962
33218391
33718993
33673431
34174209
33709568
33739695
35208459
33589080
33635546
34267428
34719543
34550051
32920109
33266479
33496232
32933838
33536751
33179987
33652523
33500599
32892702
32484823
33282371
33432457
34030677
33324468
34340794
32405225
33444822
34038622
33681858
33498750
33890837
33564165
34109298
33630834
33650210
33679833
33965981
32578449
34134362
34106344
34254047
33158403
33335892
33237129
33544837
33149384
33675322
33509119
33861875
33568199
31921327
33194740
33865141
32614148
34429869
33116262
34778036
34305151
32315268
33422357
33520231
33874738
33655013
32825764
33939564
34061273
32959040
33346923
34187974
32860704
32688804
33123372
33158197
34010113
33110177
33475608
33263924
33330616
33754051
33605294
33574885
32982387
34056226
33619712
33711789
33196814
33166686
33705028
32962422
33745007
33978578
33894757
33926609
34431949
33322545
34171015
33673804
33311545
33673603
32519631
32927794
32951490
33967863
33343152
32985041
32850606
32583542
33011179
33681171
33717365
33684660
33423032
32206157
34457780
34313164
34029688
34083535
33604388
34096794
33791188
33149721
34280315
33448274
33286133
33900826
34051866
32379756
34226811
33332726
32491757
33886085
32697730
33438101
32645580
34054059
32609320
33819663
32965969
33411274
33502106
33088937
33630908
33040948
34381252
34167232
33496833
33807534
34053473
33049927
34124117
33443977
34051228
34223434
34522631
33230833
32701696
34069785
33673580
33761211
33546371
34403611
32330525
33809590
33161781
33607520
33205515
33749045
33517422
33148065
34130840
33990434
33994717
33990194
33549804
33897198
33883059
32922269
33369469
32518415
34420683
33303020
31987654
34434579
33504687
33112722
33677886
33634143
32834845
33587205
33165414
32738124
33658504
34151916
32562580
34391912
34060190
33351492
32498861
33224970
33997175
33421532
32958398
32449267
33906336
33670002
34412135
33280326
33456865
34245069
34139603
32918022
34290053
32384211
33449278
33246638
34234680
32911145
33414322
33572416
34039694
33279033
33385710
34415486
33377320
32831714
33161540
34761806
33706239
33313815
34369596
33018180
33657693
33180660
33580292
33311735
33831800
32775394
32434678
32910314
33304706
33010725
34265534
33245860
33973755
33746773
33893275
33214637
33069684
34335025
32457447
33217955
33146001
33389264
34546784
33832559
33309499
33458523
33389395
34001121
33643257
33968708
33361758
34479376
33651130
33246366
33317302
32946544
33368776
33249246
33604454
33418361
33479402
33633845
34101009
34414107
34530493
32844511
33179840
33771842
33710772
33146056
34023973
33718851
33325080
33374803
33890583
33346768
34435157
33948455
32220815
33786324
32837798
33224236
33827693
34248195
33408658
33392847
34084699
33893723
33153584
34447996
33778655
34027861
33589775
32469882
31210741
33844106
32552354
33830072
33048943
34625837
33608642
33575462
34146296
34592897
32747277
33386914
33363024
32682791
32698026
33089595
33793239
33757675
33873242
33714026
33171819
33584053
34127326
33908462
33274293
34491520
34680558
32613959
33911010
34100562
33431785
33002763
33398588
33550147
31518993
32868870
32813292
32625737
32740086
33866736
34001229
33972899
33913225
33222744
33355764
32549315
33439768
33139113
34886191
33584308
34072140
33496612
34053634
33448645
34448032
34331684
32678913
33620616
32310977
32550210
33908296
33989003
34315823
33443154
34520835
32425904
34242038
33945731
34796118
33709524
33959709
33416825
32714072
33630844
34181009
33058655
32978843
33547922
33611001
34033913
33549027
33491336
33599630
32757691
33235884
33190577
33661023
33756727
33412814
33267438
34134979
34314560
32896049
33329137
34260884
33355721
34165172
33689948
32712504
33741922
34614085
33644096
33572459
32690128
33081517
33803122
33416408
33871388
33163126
33303780
34639616
33022773
33986545
33694751
34180118
33092993
33800659
33434396
34055972
33322856
33435284
33287824
33243666
32998419
33668418
33329653
32338810
33401576
34185835
34352854
33778658
32903967
33910193
33907012
33478683
33783390
34010710
33316402
31945063
32878232
33459361
32933555
33238702
33392309
33788039
33372285
33402917
33162387
33918561
33021438
34287669
33568216
34064758
33022275
32854977
33101409
34015894
33461497
33720892
33203887
32747788
33845916
33338140
33309176
32982601
33885583
33739061
32470908
33978913
32306572
33007227
33981289
33677300
33914314
32646574
34146992
34149178
34066536
34876140
33439660
32680732
33576542
33468754
32257209
34193069
33856992
33549309
34350695
34064280
33187829
32411508
33786296
32780221
33109567
34471581
33590189
33160748
33516126
33994912
33570971
33462519
33207155