57859
56157
58295
60951
59165
56530
57830
59711
59821
59068
59626
58057
59477
59778
59890
58583
58051
59912
58923
58288
58068
60713
61277
59094
60019
58558
57691
59426
58537
56343
59079
56220
60143
58547
60398
59093
56297
60747
58066
57301
59576
57705
60067
59246
59201
57870
59414
59521
56639
59334
57743
57721
58975
59608
58087
58827
61102
57707
59795
60304
57795
58736
60157
59207
57997
58389
60142
58224
59961
59719
57065
61250
59911
55549
59505
60815
58752
57466
58156
57698
61001
57144
58821
54900
61215
59728
59546
60328
59121
59041
60171
58252
58011
58267
59917
58205
58422
58302
60514
57552
60276
59191
56741
58144
58696
57844
57941
59051
59148
59947
60202
59398
58449
58836
57738
59162
60143
59123
60019
59408
60018
56950
60218
55014
58163
58852
56769
60277
61521
59970
59184
58992
58505
58162
58323
59654
59184
58011
58418
59459
57478
60657
61789
55225
58498
57079
58210
57448
57803
60772
58922
58184
57331
60562
60296
57990
58399
58957
60023
59278
62344
58495
59444
59595
55718
58164
57385
57911
60054
60553
59558
57920
59154
57198
60226
57233
58965
59729
58310
60318
59058
58242
58431
58598
58248
58406
58316
56503
61236
59379
59456
61154
56794
57829
57549
58447
58612
58741
58619
61284
60614
59037
58873
59057
58212
58248
60692
58785
57668
58439
56402
60323
59749
56027
57325
59840
59211
57855
59039
57151
59483
61051
57972
58671
58699
58308
59041
57720
59522
57749
58450
59570
58630
62852
55673
60581
57733
58806
59017
58920
55862
55999
56966
58375
56333
59956
57783
59573
56113
59966
58321
59002
59476
56636
59656
59561
58733
61660
57581
59075
58955
60360
61732
60855
59508
59303
58208
56710
58980
58779
59045
59949
59176
58801
59482
58146
56498
58394
55310
56232
57957
57511
58663
59496
54537
56812
58004
59957
57121
56927
57463
58354
56230
58728
56497
56599
61221
58303
60350
58741
60663
57508
60613
58309
57400
57125
58406
58957
58016
59496
57198
61378
59392
60093
58702
58445
60989
58536
59001
58262
59350
60069
56687
61030
58014
59805
59049
56212
58979
58826
59360
60877
57209
58935
57863
58162
56871
56399
58359
58937
60471
57590
58300
60213
60527
58343
58356
58042
60027
56987
57491
59255
61044
58438
58467
59041
61592
60680
57736
57402
58331
61194
58867
57825
59205
58319
57968
59944
60456
61255
59333
58102
57754
59273
60231
56813
57177
59578
59708
58401
60086
58973
58776
59766
57334
57980
59537
58629
62249
58918
58074
60578
59143
57128
59313
59251
60190
56322
59537
57807
59757
58773
55395
60227
59726
57207
59307
55630
59911
58951
60026
61004
59825
57360
61098
58092
59694
61411
58546
59762
59816
57226
58398
58065
59913
58044
59325
59071
59943
58960
57578
58240
59871
59058
57788
58400
58642
58681
59859
58231
59223
60995
56630
59225
56371
56524
57540
58535
58332
58670
58107
58145
58431
59543
60815
60233
58506
58728
59672
54967
59244
59572
58813
58879
57762
61921
61464
62627
57142
58160
57009
58129
58712
60344
56853
59256
57318
60898
58520
57692
59807
59908
59549
59031
62035
59937
59896
58250
60575
60063
59224
56305
57855
58201
55927
60095
60741
59473
58892
56130
58058
60995
59772
58174
55047
59939
59851
60263
59047
58859
59671
58228
60058
57100
58784
60894
59429
59486
59977
57025
58526
61305
56891
59031
58596
60504
58621
58002
61173
59633
58562
59404
59658
54338
60493
57379
60752
58349
59548
61281
56611
57551
58419
58439
59158
58979
58613
59103
61173
59870
59100
58222
56750
57204
56464
57598
56365
61564
60123
57769
56627
59118
59536
57082
60135
58148
56396
59498
59868
60123
61596
58167
57060
60536
62752
58485
63137
59792
59399
60126
61171
58313
58416
57144
58898
59371
57520
58492
57787
59573
59354
57349
57489
60704
57150
62581
57443
59082
60455
56832
59498
57901
59342
59897
59400
60761
60585
59220
59684
56626
60513
57140
58321
58417
55898
58174
62537
59327
57909
58762
59643
57308
56252
59501
58174
56640
57224
58519
60206
58453
59194
59257
55739
58134
57565
59694
60366
57089
61771
60802
57314
60592
58112
59800
60968
56627
57986
59303
55577
60482
55579
60242
58288
59720
58229
62335
59187
57485
59592
59687
58052
61934
58488
59800
60047
58684
58456
56507
54728
57027
60159
58264
59967
57019
59436
60764
59838
58704
56215
58193
60894
57683
60318
57463
56082
60561
61751
57930
58225
57808
59902
61318
58398
58100
57838
57907
57620
59498
59635
60009
58689
57706
55697
62220
59111
57364
59897
60716
57764
57693
58474
56955
59456
59456
55608
58447
59408
58557
59817
60316
57453
58660
58347
59963
60242
58178
59297
57135
58028
59170
61127
57252
59926
58135
57861
56902
60865
57513
60582
54422
58071
57938
59077
56857
61329
61862
58166
59057
60500
57521
56524
57339
58232
60005
59087
58592
59852
57883
56931
60174
57289
58940
57712
58719
60929
61669
57318
56027
55474
60808
61076
58112
56874
57200
60379
57136
58893
55436
59784
55518
60242
58655
59346
59973
60679
58626
59553
56899
57403
58113
57058
60925
60488
59086
61350
58926
59118
57463
56838
58931
58418
55285
60052
58262
60146
59734
58261
57160
58971
59051
58545
59579
58651
56499
57755
61934
55458
57106
59101
60912
59132
60732
58665
58495
62395
59233
59800
59195
60439
59247
57320
57003
58281
59805
59565
59246
57153
60887
62208
58968
56834
58717
59221
58883
58666
61397
58080
59706
60450
57629
59240
57293
58984
58061
59775
58596
57849
60192
60100
58060
58504
61649
58565
60252
60766
59426
57255
57130
57535
58355
58878
59383
58526
57785
59688
61665
60628
58899
59200
59437
56192
58206
57819
61016
62258
59601
59032
61069
58314
58935
58810
61200
55928
58545
59603
61197
59085
58477
59462
59959
61798
58199
55818
57847
59609
60516
55642
63119
60557
60567
59757
60610
57940
55975
59173
59817
58186
58704
57617
60221
59667
57529
59660
60637
57408
60182
57823
58686
55621
58005
61538
57564
57136
58569
56249
59984
60059
56560
60382
59606
56043
58505
57919
58615
56592
58750
58607
56348
61106
56182
59269
60770
61068
59729
60227
57406
58287
60413
59590
58576
57948
57945
59891
56094
59632
59537
58697
59774
58603
60087
57484
56958
56202
58313
60847
57935
57312
59762
59338
58924
59223
60764
59055
58186
60088
58597
59084
58100
56685
57995
58316
60580
58776
58344
58194
58882
59938
57484
58845
58525
57370
59830
61101
61195
58972
60320
60848
56440
60042
61010
59878
57997
56688
58759
58184
61963
59238
61601
57272
58708
59675
57914
58697
59042
59727
55702
59990
55842
57231
57570
60965
58977
60185
57154
57830
60442
57357
59366
58384
58216
57340
59975
59218
55962
58286
61171
58234
59756
56119
57279
59739
60433
58859
58270
59838
56709
60049
56234
58899
60992
59811
58822
57277
58015
60430
58077
58371
58682
59209
58259
57308
62465
58345
58835
61142
59344
56667
58179
58004
58376
57939
57529
61130
58163
58262
59780
60502
59180
57291
60583
56456
59914
59005
57513
58265
58645
57539
59048
58596
57313
58100
60891
59952
60247
60876
54871
59552
59648
58210
57382
58408
60415
60005
57719
60238
59255
60007
59604
60362
58666
60107
59046
56861
58320
57828
59639
59901
58329
58444
58945
57909
61014
59058
58441
59677
58819
58122
61637
58868
58769
58740
58066
61181
58324
61427
59591
60302
56575
58036
59138
59664
61123
58510
62298
60715
57524
59527
57096
59559
59330
59375
59401
58611
60696
61253
60017
60161
61684
60375
56955
56611
58458
59832
58205
57158
61194
56732
58206
57823
56706
56400
59712
61692
60501
61796
58411
57853
58042
59387
56028
57518
58155
59311
59949
59615
58002
59977
59114
59952
59391
57594
60784
61657
59241
60246
55494
59363
58548
60176
57775
58728
59187
59587
59299
59748
59993
57959
57029
59958
60430
60357
58937
60839
58017
55594
55698
57694
55778
59526
58867
57595
60633
60811
56923
60366
60715
61753
58399
61757
59460
58740
58981
58905
59046
59772
58558
60126
56785
58289
57537
55235
61661
57985
59102
57284
58095
58386
59736
58182
58952
60252
60006
58995
59265
59635
58325
57214
58738
59911
55149
57485
59041
58990
60571
60833
56896
58578
56868
58176
58705
59178
59857
56763
60665
57260
57490
60221
61524
58890
61840
57369
59502
57680
61264
59605
59519
60995
57425
59290
59199
61863
58240
54624
58089
60636
58011
60519
60278
56357
60544
60225
58411
57808
58148
57102
57903
59606
57443
58198
56190
57472
59332
59324
59993
57903
57761
59702
59359
58922
58177
59480
58418
58375
58404
58840
58597
60531
58731
61233
58544
59745
61451
57188
58530
58754
58744
60949
56011
59146
58534
59788
55121
58229
55756
57430
60607
57827
60286
58718
60497
59212
57978
60122
56047
59441
60637
58916
58230
58379
58781
59095
58765
57532
59690
57212
60535
57777
57668
60330
60003
58191
59592
58524
59544
61087
59301
56381
57482
60534
58955
58636
60225
59463
59422
59096
56860
60006
56873
59902
58561
58200
56401
58423
58736
60083
60558
61306
60283
60156
61759
59558
57929
61276
60838
59668
60656
60544
57646
59130
58618
56199
60197
59501
57241
57895
58537
59307
57937
57132
58195
61049
56929
58821
59022
59409
63280
57552
59275
57837
58372
58390
57903
56186
58490
58433
59678
59158
58121
61764
58863
57833
57422
58607
56901
57488
59342
60342
58865
59572
57222
56260
58114
59066
61280
61166
58899
58683
57187
57660
56771
62410
61062
59033
58739
58083
60608
60293
58830
58405
58263
60022
56664
60190
57916
58117
59712
58426
59234
57978
59408
57213
58220
58840
59483
58481
57946
59644
58396
59281
59013