34767
35365
35183
38193
35811
34310
34961
35564
35940
36580
39466
37061
36856
37164
37166
37876
35743
33414
35636
35403
36191
34289
34846
37383
34554
36484
33430
34029
33687
36325
35945
35460
34644
36327
36134
35738
34638
37623
35215
36662
38769
36556
37762
35092
36364
34119
34383
35924
34396
34942
36802
36146
35567
35140
35995
35447
36581
36196
35731
36880
37044
36263
35684
35960
33906
35573
36149
34423
36082
38220
36238
36337
36909
35390
36401
35548
35409
36075
35299
34561
34958
35062
36030
32523
37306
37418
36864
35852
36695
35438
33154
33080
36060
35120
36936
36741
34374
37621
35496
34330
35060
36240
33665
34786
35516
36618
35978
36518
35429
34753
34469
32657
34739
36511
35832
34037
37342
37500
36472
36138
37702
31814
37554
33877
35381
36253
34573
35685
35726
35748
31815
33092
36334
34623
35737
35571
36007
36805
36190
34819
37147
36230
34897
33769
35301
37216
36463
35526
35057
36388
37003
34406
35493
36558
34816
36492
38586
36617
34987
37525
35818
34188
36787
38905
35181
35207
35542
36346
33997
36078
37642
36486
35222
35034
35911
35311
37244
34960
36144
37172
35806
36180
36896
35099
36990
36922
37207
34773
35903
34865
36129
35677
37076
35418
35914
33867
35683
33338
34998
36454
36779
36359
37060
35265
36340
37238
37080
35311
35261
34605
35269
36844
34845
32463
34382
34478
37469
35359
36584
36363
36416
35635
32143
36576
34665
35072
35553
34325
37491
36357
37582
36491
35442
38223
35757
36541
36751
36787
36371
36654
33984
35668
33621
34947
33199
36780
34114
35935
34797
37770
36538
35280
34232
34666
38537
33219
34803
37045
37107
34734
37970
34802
37305
36965
36309
35984
36992
32446
35704
36085
34273
33650
35767
37154
34422
36218
36643
34691
35082
36410
36173
36160
35744
36668
33174
33334
35496
36714
35603
34584
36195
38142
35321
34986
34108
34590
37126
35513
35376
36516
36643
36703
36514
37307
34373
33772
32773
33273
36041
34612
35024
36079
37139
35427
36175
39139
35872
35880
36576
35209
35463
36032
34976
36293
37217
34830
33841
35319
36229
34049
37024
36502
37214
33495
35376
36385
35189
36204
34270
36716
35897
34108
34939
37890
34688
35311
34755
37812
35730
37124
35009
36591
37178
35356
35012
37758
37144
37330
37514
35825
34923
36480
38783
34764
37274
34722
35730
35632
36718
38209
37214
35791
36039
35814
36615
35438
37281
33012
35628
33678
34972
39532
35691
34947
36535
35786
34596
33658
36216
37866
35874
35848
35807
34944
36024
33700
35597
37201
35672
37507
37070
35883
34550
34401
36618
35496
35013
34638
37474
37068
37926
38831
33671
36400
34495
35782
34937
34510
35280
36917
37113
35301
34381
35129
36777
36043
35363
34231
37387
34339
36300
35554
33497
35499
35222
36185
36007
35832
35210
36574
35837
38252
37679
36381
36361
38075
35858
37698
34316
34521
34300
36511
34575
35555
36989
35656
33432
35682
37032
35579
36663
35698
38691
34374
35891
36463
37173
35468
37530
34484
36033
33990
35449
37165
33405
36414
37321
36647
36139
37277
37294
35571
33869
37091
34353
34011
34516
35666
37443
32942
35885
35068
35891
35121
35857
33744
34727
35922
34597
34751
35310
35182
35343
36809
34669
35925
37325
35865
33935
34017
36794
37256
37993
33861
35343
37641
37238
35756
34707
33262
37879
34981
36360
34087
36672
34283
34263
34167
34970
35925
33652
35068
35263
35688
38254
35175
36327
35910
35685
37224
35047
33840
32934
35626
35574
34660
37197
38556
36363
35843
36436
36364
35026
35374
34228
35674
35343
33660
34343
34504
35861
36691
35958
33720
36304
35866
35037
35442
35307
35507
35463
33762
34828
34615
36682
36538
35687
36554
37084
36748
37376
37794
37405
36722
35981
37298
36955
35843
34800
34564
36839
35493
35243
36348
34930
34572
36882
34969
37592
35697
35414
35230
36803
38016
33161
37477
36064
36667
35813
34719
34472
34670
36158
36586
34360
34211
34815
34642
37625
38037
34381
37298
36350
36321
35394
34545
36073
35981
34614
33827
35912
36848
34338
33979
36342
35409
36490
34791
33883
36118
35164
36394
35928
37538
35931
33231
35127
37169
35034
33885
35176
36438
36037
35455
36168
34629
37566
34309
36058
35514
34898
37291
37130
37465
36388
36606
35786
35089
35362
36374
37266
37256
35477
35193
37452
36127
35655
36641
34694
37003
36658
33960
36366
36198
35970
35512
37524
33701
38178
35114
34337
37546
36210
36334
37214
36078
33483
33342
36982
35307
36215
34641
37852
36494
36707
35204
36531
35361
36563
35529
34737
37038
35033
36977
33663
37052
36769
33437
32935
35155
37320
36063
34023
34906
36909
35605
35016
35181
36779
35438
38195
35838
35335
36978
35670
34667
36730
37637
34122
36238
36128
36627
35742
36018
36715
36709
35315
36236
37896
32983
36982
34890
33318
35309
36074
37675
36395
35838
34723
37352
33402
36884
36572
37058
34149
35149
35051
34192
38411
36393
35997
36145
35460
39360
34993
35365
35870
36205
36943
35769
32665
35115
35837
36421
36912
34723
34971
34615
35788
36284
35373
36545
36126
35140
36174
37397
36820
34283
37058
35881
37326
35133
36279
36864
35650
35745
35656
35926
37415
33651
34697
33882
36768
36012
37117
37200
36447
36640
34436
37461
35071
37197
34569
32707
36622
36337
37454
37628
34932
33832
36443
35502
35607
34930
36879
38329
34580
36509
38711
37590
35758
35771
36523
36583
33375
36323
34801
36850
35783
35702
35468
33503
35360
35549
36858
36725
37129
36763
37179
35121
36569
36144
36098
37083
37175
35869
36866
35145
34140
35566
36334
34379
36769
36692
35749
35149
35740
37309
36246
35760
35379
35968
35252
35655
35481
36087
37190
35604
33546
35746
36456
37556
33745
36496
35322
37749
38214
36863
36471
35748
37263
33843
34524
38519
36716
39288
36435
35078
35675
35743
34055
34878
35354
36437
36873
36126
33793
34441
35391
34048
37182
35623
35355
35792
35073
33599
34581
37311
35112
34380
36661
37438
37167
36211
37213
37396
35221
35757
37498
34586
35751
36299
34020
36409
36485
36500
35978
37339
37036
33653
36298
37586
35433
34237
31960
37079
34891
36458
36908
35113
36747
34056
37998
36132
35647
33917
34426
38555
38310
36734
35214
35730
35478
36816
36213
36669
34679
36337
33755
35158
37582
39047
35727
38920
36624
34213
37771
36211
36401
34872
35964
33584
35190
35264
36460
34299
32271
36955
34368
34979
34655
37672
36580
35002
35199
35087
38365
35235
36416
35181
36454
35762
36127
35939
36072
35785
36910
37098
36539
36712
35675
35798
36589
37689
37186
34333
32728
35061
34738
35741
36979
36013
34694
36276
33565
36917
36442
37726
35520
38433
36474
38484
37102
36135
37356
36994
35676
35176
35195
35465
37611
34137
37629
36260
35718
34164
36377
34554
36565
35027
38148
35705
33110
35111
35986
34624
36452
34323
33250
36027
35796
36649
37357
36631
34794
37283
36698
35263
37318
33807
35830
34561
36430
37786
37856
35769
35289
35400
35629
35681
35660
34882
35048
35042
35489
32491
33278
37376
36639
33958
37870
36276
37893
35567
37285
33581
37255
36557
36958
37989
35556
35266
34733
34431
36016
34540
35953
37969
35190
36242
37497
34046
36153
34823
37421
34524
35384
36052
34859
36179
33995
35976
35618
35752
36523
35925
33835
37340
33998
36300
36263
35986
38311
36659
34752
34746
36114
35011
34414
37168
35270
33208
37190
35032
36698
37057
37344
35498
34248
36672
34764
35410
34767
36550
34965
35769
35950
36803
34745
35928
34757
35196
35901
36593
37213
36213
34917
37281
34855
37842
35515
36312
35918
37330
34312
35889
34515
36119
36164
35787
35282
35214
38054
36428
35148
33443
35453
34546
37856
36085
35630
37132
38890
35398
35775
35822
36303
36282
36464
33915
34704
36541
38807
36763
35646
36898
33565
36046
34821
35856
36378
32696
37626
34086
35623
34897
36645
36332
37885
34237
38045
37203
36870
34183
36925
33759
35795
35459
34203
35611
35286
36977
36752
37338
35295
34637
36038
36833
35211
35199
34773
35993
36353
36884
37113
36921
36681
36246
36792
36406
35707
35446
34528
36946
36220
34999
34487
35324
37386
33031
34073
37640
35367
38873
37480
36347
36321
35723
37363
36113
36461
35376
33437
36098
35011
34526
36080
37277
38760
35753
36556
38157
35215
37178
36694
36847
33518
32797
36024
33718
35012
36716
34897
36929
37324
35892
35768
35754
34870
37821
36242
33963
37182
35432
33220
35315
34501
35099
35202
33555
35202
37028
36131
38206
35862
34919
36984
37536
37370
36215
36725
36785
36480
34044
34173
34976
35484
37785
36501
36211
35851
38075
35528
35396
36629
36405
35715
38050
35947
37638
36309
35270
36476
35422
34623
36431
35787
34184
35666
36689
35879
36722
37157
35370
34543
38517
36116
36172
32934
34305
36721
36992
35348
35730
35635
33598
36194
36189
36492
36530
35869
33856
36493
34756
35355
37550
34644
36694
38366
36963
34009
34859
33018
35758
36921
34185
37479
36060
36283
36821
35808
35513
36319
34213
36224
36723
34814
35128
38407
35676
37290
36947
34627
36984
34950
35801
34775
35390
37238
37102
37151
35904
35900
34495
37327
37393
36372
35825
37797
36071
33794
36289
35311
35055
35875
37068
36090
37170
37481
34817
35470
34400
33959
33721
35136
36543
36421
33691
36688
37037
33011
35634
33685
36960
34097
37971
36655
35806
35495
37705
35107
34978
35791
38023
34185
34689
35901
35112
34937
35419
35210
36560
35619
36445
36157
35026
35820
35716
36903
34152
35540
35636
37262
35492
32639
36259
35650
34478
35229
37038
35018
36585
34650
35782
35803
35130
33150
34514
38427
37105