65842
64775
63408
64867
63438
63270
61728
64490
65887
63868
67922
62418
64423
64477
62424
63657
67830
64897
65465
65488
67385
65103
63880
65203
64818
64450
64921
63564
63264
63968
63533
62831
65136
63927
62775
62616
65799
65839
63117
62977
63061
66632
67145
67036
65227
64255
63001
66096
65054
64894
65002
64467
67279
62573
64213
66360
66662
64464
66935
65478
66496
63395
66573
64388
63614
65051
65569
63078
65398
65942
63874
63735
63274
64658
63800
65016
66601
64017
62900
61741
62630
65176
63965
66390
65201
62872
67876
67938
63969
66044
64814
63410
64644
64503
66171
61404
63666
67245
64592
65010
64070
64758
64781
65638
63380
67127
64215
65208
63537
66072
64321
65095
64657
67984
64431
64367
65613
64010
65082
67899
68039
63864
64023
60497
63804
65067
64931
66470
62849
65317
65092
64715
65190
63972
64302
65996
66105
65982
64149
64009
65386
64270
65554
63603
66704
66260
65460
64677
62713
68012
64725
62938
62082
65585
64525
66635
64440
67037
65051
65381
64281
61344
63332
66917
64971
62045
65068
67021
65072
65138
65815
64504
65608
65694
65985
63983
66337
66990
66040
68381
68468
63653
64784
66119
63393
61277
64811
64810
66227
65185
65561
66692
64309
64608
69021
64561
62638
65909
64671
63210
67238
65268
63529
66105
66320
64710
66423
63868
62474
63849
63855
66330
63439
63323
63731
65234
66576
66154
63906
63774
63560
64237
63754
60941
65560
64238
64733
61396
64844
65106
65423
68907
65874
65782
62486
63005
65428
64144
65321
63984
65444
65633
61549
65903
65308
64702
64255
64142
64541
66097
63287
61924
63026
62894
65251
64589
63683
66113
64641
63098
63823
64634
68497
67217
65909
63901
66448
61800
63037
65387
64726
63206
65516
63515
62869
65952
63116
63854
65970
66750
61955
63248
65071
66407
65826
63665
67036
65413
66033
64707
63598
64757
61804
65808
64709
64052
67633
64929
64210
64161
68418
66538
65313
64833
64187
65434
64137
62634
64930
63438
62546
64809
65660
64282
65369
66078
67819
64812
65185
65152
60760
64775
64771
66092
63630
60974
64189
62486
64278
66410
62979
63246
62854
65719
66857
66788
64399
67109
64560
65576
63298
62711
65402
66766
67321
66370
62630
64683
64188
67628
65380
66150
66689
63070
63130
63579
69367
65141
62278
65548
66124
65192
66237
65176
65288
67771
65621
67787
65563
69392
64931
63441
65001
63402
65748
66161
66042
61793
64688
62989
66638
64871
63633
64198
62844
65020
66247
63840
65925
66627
62457
64641
64659
64661
64680
66271
66433
66208
65909
63371
61920
63540
61796
64185
65158
65314
67726
65533
67870
67304
66737
65675
62333
65214
65514
66182
65881
64788
66196
66740
65356
62919
61440
68821
63388
64318
65052
68260
65189
64169
65072
63063
61734
66012
64995
65194
63124
65854
64787
64830
62804
64534
66953
67093
63272
64004
61112
65998
62017
63750
63514
66346
63665
63783
65644
66071
66405
65067
68778
64721
68767
63964
66240
65262
63109
64509
68958
64352
60432
64202
62276
64078
62889
66923
61917
65824
63851
62357
65388
65375
62919
63745
67295
64011
65737
64175
65287
64971
65561
65808
65101
61789
65468
65055
67185
62024
62693
67478
65448
62294
65458
63718
67789
64623
63041
65225
64172
63788
63092
64422
67657
64265
63724
64650
65834
64363
66296
64487
63231
64645
63558
64377
64002
65604
67184
63295
67030
65826
63467
66282
63991
62847
65139
66487
64401
63855
66120
63888
64281
65044
64281
65944
63239
63668
64419
64275
66562
65100
65833
65089
65830
64876
65620
65065
63316
66345
61611
67447
65641
63611
66361
67270
62994
64737
67358
68876
65895
63152
62840
63693
64681
60982
63494
64341
64458
64406
65917
66340
64703
67671
64804
68122
65930
66184
66969
66541
65654
64480
62727
64725
66307
63124
63482
64167
66792
64702
65839
65661
65559
65605
65098
66974
65871
65313
65497
65018
64011
67825
62297
64218
63522
63297
66639
65766
64850
64838
65583
65062
67089
63774
64935
67122
61268
67689
64320
65938
61576
66982
64244
64186
67616
66038
64344
62393
64811
66839
66882
66814
65621
66425
66157
63050
68326
66401
65131
64147
62524
66883
64384
63142
64661
63647
64040
66214
67651
65536
64102
62956
64801
66504
64056
67538
64396
61969
66578
64603
64684
67130
63977
66175
64918
65251
66043
61824
63852
65764
65738
68204
61740
64453
64145
63026
62165
64479
66171
66630
66003
62653
64966
65952
63690
64680
66075
66878
62579
64383
64229
63172
67158
63358
63656
62740
66630
66894
67214
62631
65287
65285
65293
65728
65142
66220
62578
62635
62831
64107
64882
64819
62404
67573
62699
65437
64152
65542
65714
65251
65998
64137
65574
62327
66609
64939
66639
65128
64484
64327
63428
63686
62956
64163
63775
64991
63958
62243
65983
64278
61804
64619
67118
61712
64785
65151
67338
66767
62763
65426
64503
63816
63394
63795
63743
64728
67492
63130
63411
65259
64753
63221
63235
63642
66319
65672
62688
68006
66521
63426
64119
63186
66275
62672
61276
63617
65973
66441
66920
64554
65924
61133
64799
64238
64052
65097
64080
64787
67362
61857
64269
66250
64217
64648
66338
67429
66448
67636
67109
66866
64730
64160
66605
62564
65442
65609
63270
66366
64040
65590
65730
65783
63139
68515
63368
64790
65105
67377
66056
64459
68372
64970
65957
62127
64226
61042
64143
65946
64081
68156
66293
67554
67460
62960
64486
64985
63746
64499
63843
64467
64829
66307
65429
63707
64739
64652
65033
67271
67512
64011
62177
65187
68524
63746
65320
64714
63945
65023
69112
65327
66010
64488
63135
66085
63494
65037
66971
66965
65501
67783
66726
65754
65335
66302
64954
63798
64008
68599
65780
63619
66311
65549
60639
62566
64648
62604
62166
67078
65126
69148
67819
66503
64227
65392
66430
62509
63079
64746
67664
67850
66208
64489
65710
65198
65907
66454
65307
64055
63921
62298
60565
63093
65047
64387
64668
64538
67109
66040
66191
65264
63769
66083
62214
64774
64659
65174
62368
63964
62141
64401
66940
62844
66490
64324
63158
66295
63199
63544
65809
67875
69778
63052
63123
66234
65251
64064
63659
64522
64912
66861
65832
66416
65420
65482
64138
65700
67604
62235
67357
64860
66830
67647
65111
65899
65133
64572
62675
64252
66064
65735
60623
64734
63226
64530
66597
66674
63248
64243
65884
64200
65397
65681
62823
66251
67184
65434
67039
65957
66619
62850
64105
66773
68315
65608
65470
64499
66660
64311
66315
62832
63574
63988
64171
64927
63602
65389
62937
61702
64215
67982
59994
66081
63284
66308
63772
64506
67077
65516
67831
66290
65290
63853
66267
64759
65020
63669
65722
64511
64495
66304
64709
63126
65046
66209
63032
62826
65188
64169
64264
64980
63317
65636
62400
65612
65575
65144
62007
66860
65207
66373
63820
67146
61688
64275
62380
64471
66433
65194
66253
62316
66419
61990
63291
65254
63835
69098
64011
65119
61878
65344
65626
68124
64109
65803
64380
62047
68248
67732
65936
67056
63975
65191
63470
66863
64846
66189
64431
66184
63964
63343
64202
67382
66129
62795
63229
67508
65466
63235
64987
62682
66012
66015
63639
64793
65015
63232
68229
63177
65114
63352
64503
64143
67873
62297
63721
66104
63343
66044
65860
66393
61736
63272
62631
64555
64720
67332
66973
68875
64227
67398
66258
65310
64903
66086
67281
63948
68939
64694
62798
61587
66466
62391
63493
65857
68439
64494
64908
65619
63391
67048
64022
64603
63326
65427
66152
64437
64370
66587
68102
64866
65019
66343
65869
62709
67133
63909
65118
67125
65060
67984
64131
65913
66184
65371
63599
64133
62529
63960
63375
66746
63887
65328
67632
65057
63980
63656
67483
66362
67287
62659
65436
63565
64917
64171
65138
65160
66286
61093
64603
60875
63184
64872
67242
67584
62412
65820
65448
64810
62507
66010
65689
64492
63705
68933
64073
64052
63627
63409
63071
62890
64252
64140
66731
63585
62309
65627
62838
63792
67016
64133
66002
63574
64808
62914
65206
66142
64247
68024
66395
65482
66758
62775
61663
64208
66904
63459
67803
68072
62934
64379
64688
63339
65782
64483
63744
63945
65253
68224
66968
63449
65790
66195
66495
65136
64927
65666
64060
62462
66850
64348
69111
63179
65879
65497
63919
65566
63874
65144
63494
61787
64984
66582
62864
66616
65014
66600
62949
66188
68169
66740
64459
65686
65525
64771
65234
64090
65275
67975
65485
67157
67478
65607
62671
65321
63551
65350
64375
64190
65624
61273
66672
64775
64172
67250
65590
66366
63618
66632
67477
61083
66910
62267
64207
64457
65845
62050
61801
65076
63566
63854
65124
65339
64474
64964
65781
65042
64651
62471
66574
65104
67667
64333
64420
63242
63576
61752
63569
63574
64511
66790
65191
64668
66022
64372
67435
64194
66793
60907
64244
66209
64272
64736
64853
64700
64242
64191
64322
63652
62408
63980
65382
66037
64824
67614
66710
64138
66690
65929
64625
63492
63500
70172
67844
65675
62480
67945
64525
63534
65383
63812
62055
65282
67093
64989
64299
62147
66183
64188
66336
66291
67131
65005
64408
63998
62903
62722
64039
64635
64043
64335
62457
63843
63681
65623
62151
63058
66738
64356
65249
64656
67111
67198
66405
62751
65422
63324
60789
65162
65616
66683
62343
64801
64220
65530
64770
64524
61970
65862
64268
66328
63531
62041
64077
66020
63020
63202
64202
64477
66051
65711
64009
62283
65149
65533
66381
64805
64882
64731
65503
65067
64275
61185
64938
65802
66096
66698
65186
62893
66195
69371
66286
63840
62706
66096
64485
63687
66667
66085
65578
64978
65149
64775
62730
63287
64223
63633
64096
63358
63391
63741
63007
65825
63836
61914