101534980
101372166
101121926
101544068
100205900
100253405
101588268
102790973
101869089
102164043
101837395
100552890
100310691
101510668
102012175
102403344
101782923
101487501
103286885
101127709
99959241
102850340
102041152
101071796
102034179
100894450
100868171
101551895
100959563
99890825
99946276
100502546
101706576
101212516
101650423
101850031
101872310
101960151
99062572
101292910
101134787
101652367
102607737
102951161
102668065
100112967
101372809
101222232
100924227
102245483
102163699
101431842
101267712
102912096
102262737
102678624
101494088
99988714
101597806
102721663
102485563
100977421
103989972
100417511
101956950
102329888
101853889
101716571
101906732
101365098
102322413
101997484
100863942
101189593
100215756
102082068
102463673
102641830
100786356
98972521
101578477
100127716
102075186
100667729
102995678
101014249
103104726
103131028
102444505
101107756
101482858
99923152
101218037
100603761
103320268
102563462
100217362
101095482
101624074
101496559
101775113
101634825
100316657
101681707
101555221
101766165
101639138
103297599
102380018
101850296
101582509
99849135
102623040
100592542
100407093
102983563
103072268
101257871
101357531
101373281
102867077
102421728
101711633
98105590
101100949
99259977
100797042
103434974
101890905
102894381
101996742
101192989
100190423
99815960
101138673
103552530
102168642
100854917
100706214
101483708
101381298
101693579
102125655
100940119
102720693
103560914
101670002
101235280
100551475
103514109
101815007
100986207
101347121
101867774
101663712
99825540
102169630
99389835
102940998
100751265
104389126
99919557
99360559
101703012
101222372
101767250
99671032
100889656
102857714
102813182
101874510
101078981
100934684
103597868
102873102
100507971
98822675
101301265
99811665
101956650
104059577
101052455
100936505
99909749
101168283
100152327
102210426
101718947
101584297
101592375
102022497
100789808
100950312
99956949
102284499
102183745
102232855
100983981
99978901
101344373
102963653
101061560
101304360
102297586
102538805
102230396
102249289
100498239
99850325
99868343
101832850
101146250
99565528
101800115
101869790
101966797
102113999
101459371
102287110
102031820
100783319
101912159
101365163
101980632
101374762
101671919
101659324
99152650
102197602
100355412
102225445
103252990
100228681
102826477
100995074
102085238
100760793
100910044
102551649
102656403
100794836
100327654
100187544
101153169
101679258
102067793
98448091
101569135
100910777
101593423
100343652
100210544
101113208
100784113
99201203
99368472
101354658
103394677
100567145
102965194
103022536
100283697
102617392
104109228
102968791
102698211
102282840
101665210
100565362
101675005
101676014
100458816
101884194
99939117
101539794
100644283
100458575
101100976
100205409
100942402
99929321
101098849
102283578
102878076
102136248
100975325
100888192
102590667
99740220
102531578
101791164
102684709
98406524
102122297
100368272
102457832
100718523
101575183
100373049
99645490
103999977
102676869
100159791
102504432
100340255
103040838
99830525
101420494
102194690
102313655
102500114
102683792
100183113
100641084
99961652
101121372
100731047
100934334
101631614
101641094
102604233
103955841
100594114
102891487
101419059
101558459
101089547
100449431
101908189
99984686
100354279
101607705
103331486
100514692
100523998
100569790
101163139
100354453
101100999
101068478
101954191
100127604
101667982
102754711
101649214
100524219
99769604
100473163
101005818
101779266
100283232
101019268
104426054
100871126
100011445
99461533
101513593
103454082
103028883
101961410
100819570
103400332
101868022
103148954
100707316
101095805
100915905
102091194
100142496
103223788
101727102
101276234
101174963
101195975
102722540
102469136
100473094
100151354
102166125
99889474
102389319
101383348
101504771
101712581
101482817
100288884
102665624
101432767
101114374
103445324
100936636
101714506
102144750
100331356
101781834
100356455
100761224
100482511
101586535
99550749
100723360
101980471
99833692
102355654
102594939
100807552
104246222
99496500
103349417
102834404
100783941
103658580
100915760
100212939
101577242
100074801
101825983
103822455
100676158
100939125
100696649
101220694
101405716
100692898
100476116
102479273
102155777
101868910
101377767
102717351
101971702
100804657
101920847
101483320
102144544
100356401
102015398
99347309
101161145
101624599
101659839
102795680
100312446
102833326
102080265
101167760
98096437
102702636
101549953
101918319
102198463
101060065
101318928
102986743
100492710
100901936
101115897
101500275
101820799
100975320
100308030
102155196
103705771
102331978
101089681
100647634
103077176
102630436
100601140
100430988
100125263
98659278
100729390
103210011
99689232
101411179
101073343
103011038
100662543
101243034
101043445
100895816
101691509
101146647
102521147
99174618
101262784
101674446
101524250
101922932
101946323
101915790
102854920
101211487
100761309
99708741
101426492
102795477
101723664
101222600
100818617
102192694
101474126
102783795
100206500
99978425
102036607
99607110
99766802
100943138
100557260
100059287
100561839
101011869
100985667
101581494
102786504
100245721
101152381
99023221
102221005
102188260
100199888
101051171
101914433
102176199
99551771
101001724
100854042
101063500
101215575
101954088
101076225
101769419
103001853
100704639
101460955
102142854
100790897
100805233
101271748
101315677
99584036
101511523
102141808
101973734
102321996
101536486
102808755
101480730
102279044
101475636
103096537
100090105
100587515
100866904
99194299
101758539
101120157
101386818
100793825
102959296
100921874
100425163
101972969
101822858
101014269
101466643
102262716
101618647
103752742
99573220
101202505
102934868
103013758
101372663
102275915
99903383
101746126
102633063
102278627
102807818
102347740
101800662
100695660
101918900
101359337
100215635
101198426
101986070
102118295
101932652
101309339
101289777
99673109
101302736
102730069
102170485
101311491
99040794
100884124
99490487
103497820
101789274
100652529
102984399
102789638
101655879
102366481
100741114
101285922
100680421
101971572
101151086
100772024
101170739
100995362
101436253
99903621
101802125
99772225
103836269
99487425
101899610
101008985
102829644
100102006
101905684
101115120
100724815
101119460
101261669
99775661
100597119
101422451
102642812
102116409
99634181
100572025
101017166
102507551
102001302
103407841
102172527
101339296
101538990
101677092
100747248
101346560
100135071
101226333
100656028
100539830
103448165
102144773
101421915
101799822
98308687
101663546
102374203
101464910
104228467
102565542
100603605
101593177
101617291
102408916
101591158
100196195
101863448
102113007
102080316
100527622
102081111
102259189
100478046
102144551
102438043
100011786
101028874
101528689
101469733
102099362
102731030
102302536
101755340
102563975
100663593
101758725
101515802
100959349
101872487
102780894
103372751
101186897
100124482
100443975
102243926
101715926
101884611
101819094
100555737
101634286
102973704
101141988
100985275
100232061
102202220
100932006
100791012
103144346
101232130
100785528
101035312
101504947
100949736
103099544
99187161
99877589
101492497
100438541
100234127
101966583
102105455
102644356
100747329
101037364
102219973
102120424
101256764
104306590
98241409
101559638
102247856
101107117
100524969
102189111
101257828
102368987
99072047
101485855
101716941
100099020
101945185
104235861
102361975
101117847
101949654
100444481
101136742
102622979
100975968
99932964
102261046
101795700
103195284
101913040
100094886
99171544
101672894
100950710
102564491
102559815
99403619
100116863
100812264
99625855
99163783
100073969
100933609
103322238
101682598
100522271
102605422
100695690
99340872
101503561
99667675
101617755
100184704
99677615
102204800
101569997
101855241
101522147
101921285
100834262
99515365
102208689
100858351
102347957
103744759
101281738
99552904
101437663
101683583
100951957
101686297
98614023
100318257
101907518
101561375
102177260
100188202
102751802
101341790
101505272
101545471
100723847
99625457
101463626
101564908
99450890
100171552
102848055
101229469
102173392
101886453
102250470
103102856
101763149
102888138
101866959
101320213
103210886
100524192
100104169
103000382
102999354
98574518
102532963
101041422
101699143
102417725
101495622
101450024
100714614
103005358
104248258
100690039
101998770
101165329
103201805
101611692
99278203
101397605
98976204
102113019
103734267
101370442
100609573
101571554
101346314
102000583
101629053
101055889
101804674
102223282
102562798
99518660
104444618
101947731
101665491
99981943
101271868
102722441
100595497
100884222
101044996
98951987
102412758
101165157
102272204
100237735
101580767
102412590
104730935
102122623
102371910
100599328
101240033
100297899
100238399
101204857
101875441
100654907
99778968
102815563
100725294
101582934
102416084
101284180
99042026
101935195
100990824
100796173
101696674
101681193
100429220
100429273
101321215
99839877
100781660
102243759
102757536
103481212
100081693
103006919
101340612
100333929
100232062
102266011
100674972
100221210
102730946
101190626
99487619
100078626
100987882
102529049
103210092
99738390
99741919
101411912
99949221
100232003
99684009
100845697
99625774
101153123
101494993
100290402
102524616
103246618
101344065
100666308
102485697
100561599
101038867
102452191
101468855
101696606
102493370
102563005
101532760
102114556
102718855
100600227
100770671
100566642
102513637
103314661
101564060
100105345
101676865
101698405
101124177
102144527
103582116
100810139
103044526
101609258
102764609
100988529
102900167
102772778
100935280
104663182
101519110
101469639
102690393
101823726
99895856
99870664
102610558
101644186
100479521
101849213
102387857
101162419
100327058
102100932
101108560
102049525
100796810
99326348
102178947
100291454
101262927
100429160
100833953
101641159
103888151
100126249
103219810
102767613
101605779
103333048
102504395
101605252
102108772
103798649
104194455
101423279
100248250
101694053
101530872
102307708
100842101
102792685
101352197
100939592
100037947
100903974
100850620
101822080
101128171
102014705
99418119
100346075
100449833
101118997
100851857
101948434
103203319
102270842
100224360
101211000
101660211
101643621
100276827
101479233
102170608
100914336
100907150
102024959
101297512
100774338
101313027
100498642
100746705
102050311
99772287
98817107
100671891
101486529
100474337
102234866
100403487
102558719
102203755
100134968
102216870
101771423
102177395
100478815
101039258
101336081
102283772
100983236
102140280
103212035
99584142
99290893
101965804
102112278
102887791
100644101
101434685
101693587
102026407
102006283
100867870
102225895
101933575
101248021
101661899
101036894
101139788
100837367
101749295
100564217
101364486
103002337
100165256
99726849
102184820
100568672
100589393
100096235
100613020
99809583
99651656
101437665
101299366
100825924
100452958
100679966
100919519
100115347
99987169
103453134
101379721
100285184
100934966
97862998
102544019
102216647
101279024
100626245
100093487
101278207
101008549
102098267
100726547
100387797
101275065
100358407
102809662
99768610
102479983
101679119
99864544
101419332
101573262
101415125
100654683
102111739
101473299
102354266
99813110
102050706
102129824
100479975
101156431
99339466
100621655
102661029
100707429
100905059
102475925
101707087
101913042
100761052
103021655
102566453
104059621
101119723
100964422
100278899
102404092
101538350
99725512
102097854
100247697
103794977
100483271
100892427
101384029
102411518
101060665
101669778
99892261
103665889
102172523
101266240
102606979
100591554
101926309
99618491
101928268
100366050
102663355
100601813
100675105
102171886
100718607
101228559
103016222
101388749
102506524
101356037
100023676
101013984
102818740
100919234
99601168
102173194
101774901
100870105
100502438
101241421
100766565
100868663
102102925
100280629
100520986
100558447
101493947
102054545
100839738
103212467
100182809
99932083
102067643
99985601
101479319
99795399
101006842
100760702
100414075
100885656
101604872
102047316
101468777
103028087
101331193
100654906
101361461
102603685
101097123
102860159
102081487
100273398
101256890
99729911
100255725
101570274
101235601
99388295
99514771
101782823
102842729
100135252
102388142
100658359
103443238
101341993
100907377
100341145
101410021
101597606
100169498
101625790
100899954
100840848
101779734
100353214
99915418
102013927
100190282
103395773
102571146
102771303
100315510
102375935
101209536
102000267
99766923
100382157
101118706
100881564
101014212
100674822
102558080
101976273
101604555
103700892
102303417
100813610
102314795
102090150
101648827
100451379
100806041
100827501
100426101
99800439
101709999
102239083
101929999
101058775
101791944
103183542
99809791
101671617
103425772
102177404
100971151
102634828
100884922
100473514
101107238
102823046
100966799
102660782
101768121
100563227
97973025
100979302
100046301
99701417
99920437
102108722
101109354
101172651
101506000
103390326
99204535
101797868
101636052
100561606
99206470
101623096
100137837
100184375
101431191
103534961
101191295
102574612
101199426
102474293
100559093
102620233
103296162
100992619
103965264
102915619
102739137
102047083
100732015
101848219
98627371
100470954
100476263
101318787
102066830
101551374
102380624
102361148
101828590
100738103
101700253
100124541
101864758
101371482
101564217
100688426
100384862
100005010
100729731
100883800
101167328
101411001
100577422
101107280
100588079
101477674
102689213
100815312
102607122
102490748
101192591
100132739
101342801
102330674
103280956
102170529
101089211
100524037
100561351
102279513
100578428
102302142
102319194
100479212
100429066
102569816
100954947
100777694
100667435
99365363
100924353
101572128
101766053
101508855
98725490
101083449
103101206
101929739
99686552
102162034
101347703
100722365
101257290
100896752
100351485
100942253
102679330
101896718
101657418
99524323
100573936
101576829
103088749
101513482
99966855
100115530
103128088
100748159
101243622
102842797
100679314
102309222
101993103
100444353
102317220
100655401
102895901
102188934
100379461
100950403
99588452
100611494
100059073
100318383
102941548
101481263
100974561
101083105
101430034
100960901
100734946
101470619
103174825
103090890
98420073
99915506
100638403
101117570
101941723
102504337
101269813
99262083
100865042
101703580
101202312
100556266
102750309
102389075
100933993
99317521
99421098
100568626
103274309
100837859
101932970
101722876
99973987
102081942
101436137
100809895
100949651
103515088
102578706
100787585
101223783
99718632
99439724
101500084
101093704
102397807
101023855
101645494
101654001
102317398
103289468
101531073
99388809
101681701
101213960
100260708
101076594
101592373
100525512
101884117
101855021
100961837
100279375
103203913
102584254
101285963
101898911
101225521
101581370
100987068
102965056
102586003
101173211
99332950