67464
69352
70856
69710
67578
67945
69449
68165
67467
71901
69680
68595
69665
70210
67006
72529
71103
70751
71298
69552
69189
68681
70937
69470
70030
70327
71432
67971
69578
67781
67727
69054
72825
69257
68167
69266
68461
70091
69232
72118
70558
67572
72279
72267
69901
69155
68987
68877
72019
70175
71859
70430
69297
71794
69092
71105
69423
66734
69259
70111
72118
69357
71689
67577
68020
70735
71318
69209
71132
70360
70695
69108
72027
67904
70156
69973
70927
69845
69976
67241
70423
69692
71777
68906
70806
70328
72375
69977
72020
69507
70154
69062
69823
68552
69869
70607
68864
70756
67614
68302
70325
69094
66039
66206
71104
69067
67408
70080
69982
69478
70572
66750
69355
69487
67746
70987
69547
67750
69564
69844
71195
70847
67294
67194
70391
68283
69256
71742
69794
70750
68619
69772
69675
71775
68118
71469
70552
69639
68860
73372
68351
70349
70295
69119
73739
70000
66603
68612
70301
70515
69349
70845
68104
72250
71135
69226
71948
70996
69228
71267
71208
67883
69806
69517
68273
69736
70000
70096
70140
73604
71606
71006
68004
67977
72734
70280
67958
70571
73500
70124
70534
68885
68153
66640
68292
67342
65482
66528
69883
68989
70970
70771
69377
67489
69106
69222
69170
69470
69834
68594
71813
71325
67613
73457
71892
68560
68568
67794
68395
68598
70090
71354
67264
68878
66397
68045
69917
72281
71911
69014
70632
71369
69041
69158
71301
69461
68569
69185
70944
67815
71023
70234
69398
71394
67802
70715
67049
69230
66776
69949
64646
71365
66696
69211
68194
69131
68454
68452
69068
74591
71108
68361
73420
68703
69672
70742
69340
71567
69157
70851
70045
67452
72299
72059
70773
70704
73699
69031
67125
70316
68124
69688
69681
68739
70588
70640
66597
64857
68918
70858
69975
67947
70626
70278
68065
70875
68661
70424
68151
70926
72643
71078
66463
67063
68055
68364
69551
69844
70535
69630
73343
66535
72782
70952
70497
69653
68510
70010
70408
68932
71851
69521
69485
68089
68225
71748
69852
70053
71459
71463
68912
73096
66533
72803
68763
67133
69898
68094
73674
66643
66079
69923
71332
67273
71010
70758
70027
70964
69335
71847
71203
67461
72702
72462
66826
68706
68201
71668
69159
71480
71251
69571
72735
66393
68215
72171
68828
70538
68721
72210
67010
69656
71187
69400
69546
69907
69887
71056
70129
70802
70914
69176
70264
69384
71483
72114
70601
66011
68762
70111
74751
75251
70051
66688
68739
68590
70445
70999
69700
72427
69417
68762
69948
67873
67613
66998
67289
69207
70882
70434
68705
68471
68210
71385
69344
70050
68926
66994
71554
71535
70565
70708
68593
71073
69919
67543
66792
67895
69804
75894
65554
66746
69329
71030
72035
71687
69136
69695
68147
71002
70746
68530
70347
69584
70339
67004
71948
69844
69235
69934
69264
70445
72893
70599
67140
69272
69620
69582
70056
73833
71669
67083
71129
70053
68098
69823
69043
70012
71591
69991
69329
67743
69439
71686
67126
72284
71244
70054
67715
68371
68040
66944
66809
73875
71251
68408
67288
68775
69742
69525
70373
74098
72530
70307
71201
67641
68380
68729
69605
68974
65741
70468
69936
67596
71859
67568
71301
70374
69528
67327
72879
72143
66952
68028
69638
69654
70851
68441
70826
66081
66566
67793
72001
68129
66117
70288
72595
67406
67756
64516
67557
70171
69600
70825
69354
71332
72180
70089
68043
68215
68187
68968
68302
69676
69740
69831
70104
69140
68378
68472
68087
68492
69786
68069
69621
68583
70766
72981
70205
68936
66360
70967
68326
69238
67495
69378
69364
70160
65922
68600
68896
70445
66664
70385
69686
70384
68506
70870
67400
69456
73169
67548
66712
67822
72303
68988
71471
69961
69687
71112
69617
72562
71617
70674
69675
69243
68184
68033
68046
69564
73247
67989
69221
68034
66839
69262
68670
70643
70967
64490
70361
69401
72859
70657
67928
69802
72465
70081
68789
70856
70804
68861
69035
70977
68873
67600
67642
69253
69425
70905
67400
69796
65868
70703
67179
69543
66769
70078
71791
66431
68869
68107
69895
68351
68987
71750
69950
68916
68784
70858
68996
69569
71082
70727
70233
68636
69563
69626
70655
70905
65856
67617
68478
73311
73659
69930
68880
66225
71357
68518
68465
72001
74148
69265
69710
69784
69221
71170
68431
72043
72397
70667
68961
68626
68803
67602
71898
69069
66910
70521
69659
70176
71323
73360
70277
69280
72856
67554
73784
69275
68251
70469
72478
71327
70238
70607
69484
68278
69841
69666
68858
65974
70071
72032
71262
69817
69193
69823
67855
68447
70272
69040
67856
69105
67080
69157
70114
67556
71237
67109
68386
67883
69223
69442
73051
72495
72540
68934
66746
69432
71538
64499
69480
69718
69325
70282
70808
68843
68692
66710
72279
71832
67498
70202
72685
72279
68681
67483
70617
67785
71310
68052
69516
72379
68180
70726
68364
71037
66454
71375
71006
71806
70082
70387
67849
71166
70512
69850
66778
68085
72954
69528
68723
73037
68867
67084
70238
68615
69871
67086
66063
69434
70334
67579
70187
68406
71260
68884
68731
69174
69829
70182
68390
68731
70001
67418
70705
68946
67970
69606
72039
69848
70361
71802
68708
70557
67920
66500
69986
68987
69520
67293
68627
66602
67861
70192
68395
70560
69260
70342
69106
72246
67008
65655
71261
69567
67654
70633
70199
66862
72143
70057
67588
69313
69640
71610
69422
72281
72224
68694
67783
70073
70279
71864
68019
71464
66458
71996
67864
70278
67827
73000
69140
68826
69757
68210
71105
68778
71593
66418
69321
69959
69704
68644
72468
73098
70316
68518
70517
67356
68611
69599
70254
71524
68781
69079
71660
72656
70479
68491
69294
68685
68056
70710
69198
68811
68486
72917
68622
67774
71071
68760
69409
70033
70324
69059
71492
69241
70698
70199
69831
71885
68022
67139
72713
71844
69643
70985
69886
70265
68429
69135
72152
69029
68316
72088
69608
68082
71587
67898
70121
66668
71271
72552
68765
67331
71971
68191
68241
70267
72228
71555
71096
72732
69284
71315
70425
68182
72707
69618
67358
68156
66937
69652
71878
70397
71186
68375
71599
67577
70083
72964
72797
70395
66453
69136
68826
69896
70408
71997
71674
68278
71777
67264
71478
69571
68167
71629
69138
68282
73363
69487
69283
68599
72039
69872
66809
75239
68511
68489
69485
69228
68087
69539
68743
67317
72865
69181
73061
68377
70631
67653
72555
65912
69662
70703
67134
72694
67457
70185
71501
71015
71378
71357
72019
66894
68168
69802
69789
71940
69397
71782
65654
68147
69020
70675
67505
70981
69778
72961
71034
69952
67421
69533
70837
70778
67857
68267
72805
68172
71520
67859
70292
70495
68982
72026
70963
68819
69042
68041
68624
72388
73037
67337
67578
66809
65969
67618
68394
73091
72958
67372
68738
69492
68506
67222
70897
69793
67414
69231
70396
72002
68320
68069
71610
70212
71334
67200
67275
70067
69257
72830
68995
71818
72235
68426
69206
70122
68594
68679
70857
65942
68764
72712
71835
70611
67778
65824
68577
70447
70758
68581
67622
70622
69459
68417
68217
69294
70673
67371
69864
70424
70941
70156
70195
62502
72984
71002
71838
68033
68257
70069
67773
70123
72156
70281
68744
67238
70281
68764
71113
67012
67810
70329
71759
67616
68426
69662
71537
68092
65542
72323
72129
69202
68500
67319
69499
70987
71470
68593
69492
69738
73595
68886
70299
68121
69404
69565
70170
69260
67595
70033
70352
68365
69827
67723
71390
65810
66709
70710
67122
69066
66977
69908
71935
66440
68475
70341
68610
65328
67680
68823
70113
67473
69772
70899
68903
71196
72557
70849
68110
68241
70774
69002
70490
68339
67251
69192
69761
68447
70977
70829
70589
68717
68729
67225
73674
66546
71051
68550
68912
70677
68926
69014
68337
68168
71655
70090
71463
67722
71263
67999
71068
68988
69710
70671
69325
67843
69110
66872
70911
67372
71390
67927
70397
67103
68985
70585
69400
68391
68703
71465
68007
67416
71817
68020
68196
67724
70036
67896
69484
70274
68884
71056
68030
69067
70496
66318
67856
69099
70212
70224
70231
69451
69242
73303
70212
69199
70308
70733
70412
70760
67059
71646
71889
69043
71834
70669
70819
67372
72611
70639
68598
67172
70200
67636
69790
67876
71281
70309
67940
68160
71381
71868
67486
66054
73353
71403
67059
71326
68084
68214
68477
70911
70065
69430
71075
66704
67240
70900
67976
70659
71235
70668
69013
71117
70541
71757
65278
70532
71830
69180
67092
67986
68913
65476
69409
71870
69883
69845
71785
71192
68559
71582
71229
68600
70918
70027
67711
68996
67969
69615
66181
67631
68238
68224
69541
70828
70575
69740
69409
71845
71956
70261
71767
68239
70735
66974
71145
68249
69079
70192
69644
68779
68285
71536
67791
70702
67321
69338
69739
70174
71148
67478
69034
70068
71795
71584
68397
69019
67284
68881
69770
69017
68773
68671
69393
70728
69143
67141
70037
70689
72083
72412
71044
70455
68580
69711
69357
68505
69010
72097
69999
68900
70696
67791
70401
68573
68962
67984
70127
69863
67280
68047
70650
72825
68851
70381
68893
70649
70951
70967
70668
68643
69612
67006
69302
66625
68472
71124
72397
70115
69353
65555
67130
71172
71369
70971
67507
69903
67389
67893
66415
70711
69402
70263
68989
67371
65841
67264
67657
69435
68822
68475
67853
70330
69258
68614
71881
71097
68555
70795
70086
67762
71218
69266
69568
65865
69710
72219
69718
66394
70160
71380
67142
66610
71407
67244
68818
69212
72604
73676
68791
72499
72160
68163
70131
68412
68442
69416
69431
67362
71350
69179
69342
65785
69143
67622
68997
69936
68665
68252
68241
68484
71375
66745
69174
67995
69461
67348