37566
35483
34072
35121
34401
33895
35229
34019
35591
36670
38173
36020
34920
35811
36421
35876
35922
36252
36604
33351
35426
37202
36158
35789
37139
36455
35575
36619
35548
33897
34131
34637
36021
36323
36118
36929
34932
36452
34160
36165
36530
36669
37050
36999
33814
35540
34638
35717
34983
37059
35905
36407
36231
35336
34228
37067
36304
36248
34969
36948
37874
36836
35000
34468
34153
36574
37976
35491
35437
34431
37493
37251
33251
36824
34024
36707
35892
34088
35236
35625
36521
37268
34503
35886
33872
37930
38143
37380
36773
35617
34801
33861
37627
36948
37445
37513
36775
37956
34743
32163
35165
34100
36053
33672
35837
36401
32214
36350
34533
34764
34114
35659
33116
36949
34402
34198
35719
37499
36739
35918
34145
34803
36717
33943
34978
38028
32978
37996
35834
36701
35174
36153
35342
36996
35782
37755
36162
35468
32939
35395
33735
35056
33485
34403
35454
34425
34630
35494
35265
36942
34759
35473
34240
36651
35069
36536
36885
38100
35991
37265
37405
33663
35651
34559
36806
35916
34264
36267
35365
35848
34344
36397
35659
35205
37290
34662
36815
35228
35671
36883
35576
36383
35144
35184
33584
34331
36318
34780
36321
37989
35710
36839
35859
38137
37150
35521
34936
35759
37619
34404
38015
34014
37250
34637
34732
36498
38020
36509
32745
35598
35426
34347
36065
34007
33986
35479
35056
34068
36348
35337
34972
37014
33290
36835
37012
35194
36590
35709
38304
35510
34197
35982
34472
37607
34513
36782
34200
36432
33696
38172
36531
36212
34954
35418
33720
37727
35030
34282
34783
36305
36182
35379
35977
36674
34793
36369
34928
38179
34325
34922
35114
36560
37073
34750
36534
36716
33953
35542
37082
34636
36001
36286
32180
36507
35956
35451
35352
36521
33671
33889
34753
33706
35974
37337
36443
34368
36890
34566
36117
33919
36053
36020
35057
34283
34603
34881
38268
35195
35279
34381
36733
36191
38087
37410
36170
34737
33411
35091
35620
35662
35616
37127
34912
34461
35601
35507
35622
37736
37761
36568
36247
37851
36691
35758
35747
33810
34725
34901
34882
32531
34640
38211
35290
35798
35948
37172
36867
35881
36302
34558
36706
34104
35951
37135
36598
35837
35031
34765
35576
36915
36200
34523
35955
36786
34365
35924
36688
37645
35735
35571
34348
35321
36455
34334
34985
35755
37221
37010
37039
37104
35690
35868
35226
35266
35659
37218
35383
35152
36328
36991
36592
33818
36012
34961
36244
37507
34611
38515
36815
35280
34847
37570
35386
35402
35696
36263
35133
36889
34634
35373
36150
33863
34826
35203
35392
35238
35795
33836
38071
36878
36250
36568
35664
36442
37287
40031
37597
34003
33439
36353
36681
33563
36687
35753
35701
35654
36553
36159
38012
34676
34808
36855
34755
37103
37657
35036
37286
34899
37481
37613
36462
36297
35589
35549
34718
38614
33345
34976
35400
38724
36976
36975
34860
36596
38030
36828
36276
37002
36054
37275
35841
36664
36662
34895
35047
35762
36699
37210
35569
35164
36342
33917
35266
36809
35190
35864
35009
35008
36655
35228
35008
36951
36825
36220
37357
35576
35224
34122
36988
36727
33766
33781
36732
36607
36534
36245
35333
34597
35046
34122
37157
36168
37817
34915
36093
34955
35812
35513
33746
35332
36454
35178
35964
35389
35513
37753
35524
35195
35095
36960
36338
35923
35128
37089
36564
35952
34828
33575
38161
35240
32747
35165
35392
33672
36762
37710
37195
34818
35138
36000
35587
33897
35294
35738
35879
35537
35635
33997
35040
35154
36814
36640
35962
36650
35116
37505
36026
34907
35979
35864
36746
38461
36889
35609
35623
37572
36721
35835
35057
35575
37719
36467
35001
35160
34775
34627
35934
35570
35441
35765
36222
36769
33973
33824
35959
35308
36433
34490
33858
35765
35408
36421
36499
33544
34530
34377
34902
35220
36436
35181
35381
34953
36377
33723
37352
36691
36151
37458
34047
35326
33186
33139
36522
35525
35386
36113
38175
36383
38777
36535
35461
36847
35409
37180
34706
33850
35142
37312
35464
36289
35642
35186
31906
34725
36180
34823
34825
34402
38377
35061
36452
37148
36957
37453
37767
33941
36458
37042
36709
35730
35914
35470
35381
37080
36474
34560
35143
34838
34739
36187
33942
36817
34223
36572
36357
34425
37279
36280
36727
35937
37102
36058
35372
34690
35159
35268
34400
34570
34187
36103
36653
35518
35215
33223
36541
35172
33419
35244
34519
35440
33632
38298
35463
34593
34268
36025
33617
35390
35923
35722
37006
34115
35214
37697
35663
36074
35914
34093
34971
36968
36076
36476
34889
35378
31265
35542
37572
34505
34987
36407
35439
35825
37481
36320
36219
34643
35758
35713
36400
34544
37885
38621
38416
37176
36569
33559
36816
33938
36263
33661
33791
35673
36959
35037
37809
37791
37043
34863
35396
34817
35418
36072
35582
36352
36359
35114
36184
36246
37909
35366
35448
36501
34313
37973
34982
37630
35341
34450
33950
36186
35201
36654
35724
36673
35687
35484
35249
36413
36011
34070
36910
31926
37814
36826
38691
36274
35849
33529
34777
35368
36177
35695
35567
35949
35655
32500
33302
35965
32859
36252
36659
35499
33496
37253
36203
36841
33833
33867
36515
34050
34690
33945
35344
34167
37191
37918
35518
36597
35710
38311
34572
35265
35150
37616
36607
37915
35421
35606
35051
34776
33691
35798
37191
36623
34596
36622
35484
38894
35429
35750
34072
34970
33574
36914
34918
36486
34244
37346
38251
36265
35053
34137
38267
34788
35588
34494
36739
37700
37808
36628
31885
35057
35423
36402
35447
37596
36745
34917
37632
35105
35335
35741
34286
35797
35399
37377
35981
38242
34124
34813
34856
36101
36040
35876
36817
36776
37100
36347
37159
35024
37055
35932
35290
36488
33916
39559
35850
35214
35395
37106
37653
34256
34045
37207
35761
35416
35393
36253
34227
35374
34998
37176
35312
36722
36008
35967
32204
34237
34387
36245
37625
34411
35935
35614
35175
36373
36280
36286
36176
36088
36619
37554
35845
36695
35762
36181
37519
35722
37036
37125
34302
35303
34450
35000
35847
37836
35680
35375
36288
35816
35452
37367
35163
35762
36296
35518
37189
37765
34471
36737
35409
37041
36145
35683
37247
36792
35198
36339
37523
34319
35674
34137
35945
35569
35092
34142
35466
36077
33633
35785
34584
35306
35377
37133
35760
32734
37286
36120
32519
35271
37223
35211
34590
34943
37041
36609
35377
35097
35390
35584
34197
36940
35165
36898
35059
35768
35809
35966
36087
37238
36988
34518
34004
34757
34764
38603
34227
36196
35919
37555
34868
38069
35297
37438
35627
36230
35550
35567
37152
35821
36995
33946
35287
35670
35884
36429
34771
37848
34192
36134
33483
35810
36827
33597
36913
35802
34430
35594
34358
35041
36940
37130
36338
37767
34967
35527
35116
36457
36642
35040
36589
34903
35164
35460
33893
34030
36508
35570
35042
36504
33152
37417
36676
36866
36259
36568
33905
36593
34580
36235
35813
33416
37942
34411
35560
37233
37594
36374
37083
36954
35724
37136
37604
34373
36179
34120
34998
36200
37421
34960
34674
37877
35494
36042
35904
34865
36223
36496
34335
35209
36562
37010
35781
33297
36917
34448
36710
36133
36102
35999
34556
36200
34877
36291
36502
35557
36613
35809
35249
39881
35893
35395
34828
37047
36605
35921
35346
35370
36187
35799
35377
35346
37069
36294
34759
37004
34970
35495
35954
37725
35915
35900
36943
36021
36860
35076
37505
36491
35814
36200
36504
36279
36437
36521
36301
34014
34719
35419
37270
35816
34738
37980
35387
34447
33786
36190
33654
36102
36516
38395
35659
36367
34536
36042
37145
35043
35779
36026
38210
36470
35772
35471
37872
36022
34766
34587
36054
34252
38457
35409
36459
37303
36870
34682
35748
33328
35092
36137
36270
36192
32749
34788
37016
34462
36640
36271
36321
34561
34124
36617
35689
35860
36805
37384
35824
34511
35978
36806
37863
35392
33896
37525
35164
35452
35143
36824
37904
34250
36062
35978
35807
35994
34383
35081
36586
36402
35522
36149
37023
36345
34250
36879
36682
35062
35097
36640
35396
35565
35006
36200
35056
35031
35726
37548
36730
34914
34913
36860
37313
33853
35322
37082
36547
38213
36631
37216
35284
34370
36862
35977
34786
37565
34098
36613
37175
34978
35748
34488
36052
36619
36933
36899
34743
37561
37914
35682
35713
35080
35053
35031
36642
36406
35157
37218
36671
37990
36760
38818
33279
37355
35838
35141
35089
33517
36514
34295
36423
34269
34761
33794
35225
34086
35550
38359
35917
36006
36106
36941
35924
37074
37245
36685
34795
34357
34576
34995
36241
38390
36546
36308
34918
37616
32975
36148
36236
36385
38487
37445
35379
36436
34117
33862
35703
35945
36630
35718
35938
38064
34554
37566
36825
37109
38237
35816
34302
37987
37126
37257
34360
36717
35409
36910
37952
35043
34153
35559
35110
35024
34726
36299
35659
35146
34807
34716
37053
36195
35579
35500
36093
35740
34332
36402
35219
34976
36181
34971
36761
34805
36247
34968
36549
34580
35326
36403
36426
35170
35115
34926
36939
33927
36811
35441
38062
37903
36682
35637
37481
35623
36287
35938
33918
37569
34465
35013
35844
35417
35735
34037
35878
34358
35232
34016
33354
35595
34900
36876
34080
36983
37154
35241
37448
34654
32708
35747
35174
36129
36102
34929
35091
38000
36469
34865
34534
35526
36308
35239
36984
32766
35802
35791
33900
35201
37033
35559
35983
36533
35743
33453
36320
35872
35971
38708
34368
35371
39375
36100
36527
34275
37242
35622
37341
36242
35612
36210
35182
34929
32342
35756
34802
35336
33520
35639
36388
37631
34623
36115
35885
36390
36008
33001